4294967279,48
4294967279,47
4294967279,46
4294967279,45
4294967279,44
4294967279,43
4294967279,42
4294967279,65
4294967279,64
4294967279,63
4294967279,62
4294967279,61
4294967279,60
4294967279,59
4294967279,58
4294967279,57
4294967279,56
4294967279,55
4294967279,54
4294967279,53
4294967279,52
4294967279,51
4294967279,50
4294967279,49
4294967279,133
4294967278,133
4294967279,97
4294967279,96
4294967279,95
4294967279,94
4294967279,93
4294967279,92
4294967279,91
4294967279,90
4294967279,89
4294967279,87
4294967279,86
4294967279,85
4294967279,84
4294967279,83
4294967279,82
4294967279,81
4294967279,80
4294967279,79
4294967279,78
4294967279,77
4294967279,76
4294967279,75
4294967279,74
4294967279,73
4294967279,72
4294967279,71
4294967279,70
4294967279,69
4294967279,68
4294967279,67
4294967279,66
4294967279,268
4294967278,328
4294967279,270
4294967278,37
4294967278,36
4294967278,35
4294967278,34
4294967278,33
4294967278,32
4294967278,31
4294967278,30
4294967278,29
4294967278,28
4294967278,27
4294967278,26
4294967278,25
4294967278,24
4294967278,23
4294967278,22
4294967278,21
4294967278,20
4294967278,19
4294967278,17
4294967278,13
4294967278,11
4294967278,10
4294967278,9
4294967278,8
4294967278,6
4294967278,5
4294967278,4
4294967279,132
4294967279,126
4294967279,123
4294967279,122
4294967279,120
4294967279,119
4294967279,118
4294967279,117
4294967279,116
4294967279,115
4294967279,238
4294967279,114
4294967279,113
4294967279,112
4294967279,111
4294967279,230
4294967279,110
4294967279,228
4294967279,109
4294967279,226
4294967279,108
4294967279,224
4294967279,107
4294967279,106
4294967279,220
4294967279,105
4294967279,104
4294967279,103
4294967279,102
4294967279,101
4294967279,100
4294967279,99
4294967279,98
4294967279,22
4294967279,20
4294967279,19
4294967279,17
4294967279,12
4294967279,11
4294967278,18
4294967278,275
4294967279,266
4294967278,274
4294967278,16
4294967278,272
4294967279,16
4294967279,278
4294967278,15
4294967278,283
4294967279,265
4294967279,515
4294967278,14
4294967278,271
4294967279,264
4294967278,268
4294967279,13
4294967279,263
4294967279,276
4294967278,12
4294967278,267
4294967278,282
4294967279,262
4294967278,281
4294967278,265
4294967279,275
4294967278,327
4294967278,7
18,5
4294967279,258
18,4
4294967278,264
18,3
18,2
18,1
4294967278,263
4294967279,257
4294967278,262
4294967279,255
4294967278,261
4294967279,254
4294967278,278
4294967279,253
4294967279,246
4294967279,244
4294967279,240
4294967278,258
4294967278,326
4294967279,121
4294967279,514
4294967279,513
4294967279,131
4294967278,325
4294967279,512
4294967279,319
4294967279,130
4294967278,256
4294967279,318
4294967279,129
4294967278,324
4294967279,317
4294967279,128
4294967279,252
4294967278,323
4294967279,248
4294967279,316
4294967279,127
4294967278,322
4294967278,321
4294967278,320
4294967279,125
4294967279,251
4294967278,254
16,8
4294967279,315
4294967279,124
16,7
4294967278,319
16,6
16,5
4294967278,253
16,4
16,3
16,2
16,1
4294967279,314
4294967278,250
4294967279,313
4294967278,247
4294967294,1015
4294967294,1093
4294967294,998
4294967294,1008
4294967294,421
4294967294,173
4294967294,163
4294967294,996
4294967278,244
4294967278,245
4294967278,242
4294967278,240
4294967278,241
4294967278,238
4294967278,318
4294967278,234
4294967278,232
4294967278,230
4294967278,227
4294967278,224
4294967278,225
4294967278,222
4294967278,220
4294967278,221
4294967278,218
4294967278,214
4294967278,211
4294967279,312
4294967278,213
4294967278,212
4294967278,317
4294967278,316
4294967279,311
4294967278,315
4294967279,310
4294967278,314
4294967278,207
4294967294,395
4294967294,396
4294967294,399
4294967294,1171
4294967294,178
4294967294,385
4294967294,179
4294967294,444
4294967294,183
4294967294,180
4294967294,118
4294967294,466
4294967294,1101
4294967294,1095
4294967279,309
4294967278,206
4294967278,313
4294967278,205
4294967278,204
4294967278,201
4294967278,203
4294967278,202
4294967278,312
4294967278,200
4294967294,89
4294967278,199
4294967278,311
4294967278,310
4294967294,392
4294967294,390
4294967294,114
4294967278,197
4294967279,308
4294967294,437
4294967278,196
4294967278,309
4294967279,307
4294967278,308
4294967279,306
4294967278,307
4294967278,192
4294967279,305
